 1.43706e-01
 1.84042e-01
 1.83379e-01
 1.83352e-01
 4.64281e-02
 1.83713e-01
 1.83560e-01
 2.53948e-01
 2.54168e-01
 2.54352e-01
 2.55525e-01
 2.54942e-01
 2.53998e-01
 2.43015e-01
 2.42249e-01
-3.15388e-01
-2.93640e-01
-2.92253e-01
-2.91625e-01
-3.39834e-01
-2.93355e-01
-2.92316e-01
-2.26765e-01
-2.26898e-01
-2.27023e-01
-2.27531e-01
-2.27731e-01
-2.27186e-01
-1.78322e-01
-1.37781e-01
 2.09739e-05
 3.51333e-04
 3.45716e-04
 3.47383e-04
 3.36030e-05
 3.51628e-04
 3.47395e-04
 2.29732e-05
 2.28417e-05
 2.54106e-05
 2.76961e-05
 2.72514e-05
 2.69450e-05
 1.80069e-04
 1.18024e-03
-3.77102e-03
-4.69256e-03
-4.69243e-03
-4.69117e-03
-2.53753e-03
-4.68019e-03
-4.69603e-03
-6.27149e-03
-6.26799e-03
-6.26105e-03
-6.28339e-03
-6.28137e-03
-6.27811e-03
-7.16371e-03
-3.94674e-03
-1.39277e-03
-1.54404e-03
-1.53916e-03
-1.54747e-03
-2.72239e-05
-1.56041e-03
-1.54855e-03
-3.36647e-03
-3.35356e-03
-3.36178e-03
-3.36263e-03
-3.36591e-03
-3.36341e-03
-3.43400e-03
-2.86958e-03
-1.32311e-05
-1.03068e-05
-1.02983e-05
-1.02403e-05
-1.15943e-05
-1.02844e-05
-1.03004e-05
-3.81541e-06
-3.74402e-06
-3.77315e-06
-3.76301e-06
-3.80909e-06
-3.69985e-06
-6.18066e-06
-2.90033e-06
-9.31193e-05
-9.35443e-05
-9.30702e-05
-9.29811e-05
-8.19488e-05
-9.36302e-05
-9.31540e-05
-7.20577e-05
-7.13019e-05
-7.16652e-05
-7.17833e-05
-7.21796e-05
-7.14461e-05
-6.97694e-05
-6.52484e-05
 2.22981e-06
 3.21686e-07
 3.33372e-07
 3.50461e-07
 5.96428e-07
 3.78623e-07
 3.90034e-07
 3.74282e-06
 3.73462e-06
 3.69485e-06
 3.66760e-06
 3.94172e-06
 4.10845e-06
 8.37975e-07
 1.16236e-05
-2.15466e-05
-2.59486e-05
-2.61286e-05
-2.62299e-05
-3.49912e-05
-2.60036e-05
-2.58637e-05
-3.86226e-06
-3.78316e-06
-3.54545e-06
-3.56288e-06
-3.46489e-06
-3.83046e-06
-9.94097e-07
-2.35965e-05
 4.20532e+01 4.90518e+01 4.90885e+01 4.91621e+01 4.91766e+01 4.92697e+01 4.93144e+01 7.67527e+01 7.67622e+01 7.68755e+01 7.69697e+01 7.70190e+01 7.70304e+01 1.30044e+02 2.03295e+02